89
89
41
9
29
12
13
13
67
51
28
31
22
30
20
14
46
26
24
13
67
29
71
28
27
75
14
41
9
29
12
13
13
67
51
28
31
22
30
20
14
46
26
24
13
67
29
71
28
27
75
14
23
32
21
41
33
19
11
26
50
46
85
32
16
16
40
53
13
60
54
8
15
64
47
43
81
12
21
15
60
37
17
24
44
78
55
28
45
34
22
24
47
20
63
55
77
14
46
23
47
21
20
7
37
76
46
18
21
37
14
4
43
10
21
15
20
30
41
17
14
43
10
68
10
47
61
74
17
14
23
69
55
42
54
22
19
23
50
16
17
21
7
64
13
28
25
25
12
9
70
42
23
51
34
22
65
82
57
19
25
20
22
44
9
14
38
66
19
21
22
21
21
6
46
48
52
33
83
13
74
43
23
61
41
40
46
41
17
40
22
26
36
17
30
45
41
77
15
68
41
40
5
32
72
43
23
53
22
68
42
44
71
31
21
26
10
61
23
36
26
55
30
23
32
21
41
33
19
11
26
50
46
85
32
16
16
40
53
13
60
54
8
15
64
47
43
81
12
21
15
60
37
17
24
44
78
55
28
45
34
22
24
47
20
63
55
77
14
46
23
47
21
20
7
37
76
46
18
21
37
14
4
43
10
21
15
20
30
41
17
14
43
10
68
10
47
61
74
17
14
23
69
55
42
54
22
19
23
50
16
17
21
7
64
13
28
25
25
12
9
70
42
23
51
34
22
65
82
57
19
25
20
22
44
9
14
38
66
19
21
22
21
21
6
46
48
52
33
83
13
74
43
23
61
41
40
46
41
17
40
22
26
36
17
30
45
41
77
15
68
41
40
5
32
72
43
23
53
22
68
42
44
71
31
21
26
10
61
23
36
26
55
30
