11.81
13.31
12.99
12.33
9.26
14.59
17.53
10.28
15.79
12.75
10.91
10.67
16.47
17.40
13.08
13.67
10.04
14.27
14.96
10.90
14.14
10.57
11.69
10.77
13.00
11.97
14.57
17.94
15.78
14.11
16.98
16.56
11.27
15.66
10.41
11.56
10.54
15.22
16.87
14.13
14.74
14.58
12.36
11.00
11.79
14.44
14.80
14.95
13.37
11.07
13.65
17.79
11.56
13.45
15.92
14.02
11.26
17.77
14.29
11.08
12.10
13.41
12.68
10.96
15.74
13.12
10.53
12.65
13.85
11.74
12.01
12.15
9.79
11.92
13.82
9.50
11.82
12.73
14.88
9.22
9.09
13.51
12.53
9.36
14.65
8.36
14.67
17.71
10.28
15.79
12.75
10.91
10.67
12.53
16.47
17.40
13.08
11.70
10.04
14.36
14.96
10.90
10.57
11.69
14.64
13.10
11.97
13.76
11.78
10.99
18.18
13.37
14.57
17.94
15.69
14.11
10.19
9.82
9.99
16.83
11.27
17.97
15.66
9.24
10.41
11.56
10.75
15.22
17.32
14.58
11.51
10.79
11.79
14.29
14.86
16.71
8.96
15.04
13.37
11.61
11.07
13.65
17.79
11.66
16.03
13.82
16.16
11.34
17.92
14.35
11.30
12.14
13.41
10.96
15.85
13.00
10.24
12.65
13.85
11.74
12.01
11.82
9.79
11.92
13.82
9.50
11.82
12.73
17.09
17.97
14.88
10.34
13.44
17
18
